  5.1841093295E-270  
  1.9811928720E-257  
  2.0290678147E-245  
  5.9125731074E-234  
  5.1901293012E-223  
  1.4493902543E-212  
  1.3564548696E-202  
  4.4711374677E-193  
  5.4427994334E-184  
  2.5602418449E-175  
  4.8591803843E-167  
  3.8777906301E-159  
  1.3534637462E-151  
  2.1452315045E-144  
  1.6004766471E-137  
  5.8162930265E-131  
  1.0638075036E-124  
  1.0103047699E-118  
  5.1327616328E-113  
  1.4351850007E-107  
  2.2693958995E-102  
  2.0826196554E-97  
  1.1369655340E-92  
  3.7807192935E-88  
  7.8320877679E-84  
  1.0327566968E-79  
  8.8481537345E-76  
  5.0228821294E-72  
  1.9249686470E-68  
  5.0701412846E-65  
  9.3356611033E-62  
  1.2214202735E-58  
  1.1532552413E-55  
  7.9756240142E-53  
  4.0975932135E-50  
  1.5852020155E-47  
  4.6776963103E-45  
  1.0659002722E-42  
  1.8977580194E-40  
  2.6697800795E-38  
  2.9996451123E-36  
  2.7193311079E-34  
  2.0085775256E-32  
  1.2200944319E-30  
  6.1494608690E-29  
  2.5936094170E-27  
  9.2281368719E-26  
  2.7914115177E-24  
  7.2316995049E-23  
  1.6159378544E-21  
  3.1354462077E-20  
  5.3168577337E-19  
  7.9278663449E-18  
  1.0455569026E-16  
  1.2264758779E-15  
  1.2865035028E-14  
  1.2128859885E-13  
  1.0327686161E-12  
  7.9796214702E-12  
  5.6193930803E-11  
  3.6221771632E-10  
  2.1457837843E-09  
  1.1727956289E-08  
  5.9359159008E-08  
  2.7920244024E-07  
  1.2245741555E-06  
  5.0244436918E-06  
  1.9344947722E-05  
  7.0097604589E-05  
  2.3972666018E-04  
  7.7584143129E-04  
  2.3822403499E-03  
  6.9568911347E-03  
  1.9367488174E-02  
  5.1513778262E-02  
  1.3118458423E-01  
  3.2049705369E-01  
  7.5262111806E-01  
  1.7018737210E+00  
  3.7121360359E+00  
  7.8230141861E+00  
  1.5953228041E+01  
  3.1526934710E+01  
  6.0460764621E+01  
  1.1266559474E+02  
  2.0425400165E+02  
  3.6067629053E+02  
  6.2102723270E+02  
  1.0437627799E+03  
  1.7140310847E+03  
  2.7527461886E+03  
  4.3274098313E+03  
  6.6645162938E+03  
  1.0063163443E+04  
  1.4909254934E+04  
  2.1689436832E+04  
  3.1003696599E+04  
  4.3575396843E+04  
  6.0257453444E+04  
  8.2033424335E+04  
