  1.7280364389E-270  
  6.6039762224E-258  
  6.7635593630E-246  
  1.9708576963E-234  
  1.7300430946E-223  
  4.8313008304E-213  
  4.5215162146E-203  
  1.4903791497E-193  
  1.8142664696E-184  
  8.5341394418E-176  
  1.6197267863E-167  
  1.2925968694E-159  
  4.5115457934E-152  
  7.1507716349E-145  
  5.3349221195E-138  
  1.9387643275E-131  
  3.5460249830E-125  
  3.3676825366E-119  
  1.7109205281E-113  
  4.7839499536E-108  
  7.5646529151E-103  
  6.9420654360E-98  
  3.7898850649E-93  
  1.2602397472E-88  
  2.6106958840E-84  
  3.4425222678E-80  
  2.9493845275E-76  
  1.6742940122E-72  
  6.4165620289E-69  
  1.6900470586E-65  
  3.1118869625E-62  
  4.0714008104E-59  
  3.8441840344E-56  
  2.6585412612E-53  
  1.3658643620E-50  
  5.2840065410E-48  
  1.5592320471E-45  
  3.5530007689E-43  
  6.3258597994E-41  
  8.8992665297E-39  
  9.9988165545E-37  
  9.0644365512E-35  
  6.6952580406E-33  
  4.0669811921E-31  
  2.0498201553E-29  
  8.6453641128E-28  
  3.0760453900E-26  
  9.3047042965E-25  
  2.4105662888E-23  
  5.3864590023E-22  
  1.0451486288E-20  
  1.7722857156E-19  
  2.6426218006E-18  
  3.4851892287E-17  
  4.0882523615E-16  
  4.2883443711E-15  
  4.0429526463E-14  
  3.4425614584E-13  
  2.6598733275E-12  
  1.8731306501E-11  
  1.2073921259E-10  
  7.1526109403E-10  
  3.9093177750E-09  
  1.9786380934E-08  
  9.3067452599E-08  
  4.0819125464E-07  
  1.6748139828E-06  
  6.4483134736E-06  
  2.3365858573E-05  
  7.9908850667E-05  
  2.5861368191E-04  
  7.9407967935E-04  
  2.3189622864E-03  
  6.4558249284E-03  
  1.7171245955E-02  
  4.3728155506E-02  
  1.0683224061E-01  
  2.5087340395E-01  
  5.6729044064E-01  
  1.2373766253E+00  
  2.6076662810E+00  
  5.3177303218E+00  
  1.0508949262E+01  
  2.0153522296E+01  
  3.7555052737E+01  
  6.8084355371E+01  
  1.2022478112E+02  
  2.0700776493E+02  
  3.4791834562E+02  
  5.7133875721E+02  
  9.1757286540E+02  
  1.4424532496E+03  
  2.2214758807E+03  
  3.3543367602E+03  
  4.9696654805E+03  
  7.2296701075E+03  
  1.0334336007E+04  
  1.4524769411E+04  
  2.0085255595E+04  
  2.7343620432E+04  
