  1.7280364364E-270  
  6.6039762123E-258  
  6.7635593519E-246  
  1.9708576928E-234  
  1.7300430913E-223  
  4.8313008204E-213  
  4.5215162045E-203  
  1.4903791461E-193  
  1.8142664650E-184  
  8.5341394181E-176  
  1.6197267815E-167  
  1.2925968653E-159  
  4.5115457778E-152  
  7.1507716082E-145  
  5.3349220980E-138  
  1.9387643191E-131  
  3.5460249664E-125  
  3.3676825196E-119  
  1.7109205188E-113  
  4.7839499256E-108  
  7.5646528675E-103  
  6.9420653889E-98  
  3.7898850372E-93  
  1.2602397373E-88  
  2.6106958619E-84  
  3.4425222363E-80  
  2.9493844985E-76  
  1.6742939944E-72  
  6.4165619556E-69  
  1.6900470378E-65  
  3.1118869212E-62  
  4.0714007522E-59  
  3.8441839753E-56  
  2.6585412171E-53  
  1.3658643376E-50  
  5.2840064394E-48  
  1.5592320148E-45  
  3.5530006896E-43  
  6.3258596473E-41  
  8.8992662992E-39  
  9.9988162755E-37  
  9.0644362787E-35  
  6.6952578237E-33  
  4.0669810502E-31  
  2.0498200783E-29  
  8.6453637627E-28  
  3.0760452558E-26  
  9.3047038593E-25  
  2.4105661668E-23  
  5.3864587086E-22  
  1.0451485674E-20  
  1.7722856035E-19  
  2.6426216208E-18  
  3.4851889736E-17  
  4.0882520404E-16  
  4.2883440107E-15  
  4.0429522853E-14  
  3.4425611359E-13  
  2.6598730723E-12  
  1.8731304748E-11  
  1.2073920261E-10  
  7.1526105433E-10  
  3.9093177741E-09  
  1.9786382971E-08  
  9.3067479134E-08  
  4.0819149702E-07  
  1.6748158249E-06  
  6.4483257687E-06  
  2.3365932423E-05  
  7.9909255358E-05  
  2.5861572314E-04  
  7.9408921641E-04  
  2.3190037676E-03  
  6.4559935851E-03  
  1.7171889296E-02  
  4.3730465289E-02  
  1.0684006918E-01  
  2.5089852116E-01  
  5.6736692241E-01  
  1.2375981881E+00  
  2.6082783280E+00  
  5.3193460446E+00  
  1.0513033769E+01  
  2.0163429590E+01  
  3.7578153339E+01  
  6.8136225188E+01  
  1.2033712831E+02  
  2.0724287054E+02  
  3.4839442597E+02  
  5.7227296800E+02  
  9.1935178729E+02  
  1.4457446969E+03  
  2.2274007353E+03  
  3.3647250848E+03  
  4.9874270577E+03  
  7.2593152320E+03  
  1.0382687077E+04  
  1.4601906729E+04  
  2.0205740830E+04  
  2.7528037597E+04  
