  5.1841093093E-270  
  1.9811928637E-257  
  2.0290678056E-245  
  5.9125730785E-234  
  5.1901292739E-223  
  1.4493902461E-212  
  1.3564548614E-202  
  4.4711374383E-193  
  5.4427993949E-184  
  2.5602418254E-175  
  4.8591803444E-167  
  3.8777905958E-159  
  1.3534637333E-151  
  2.1452314824E-144  
  1.6004766294E-137  
  5.8162929572E-131  
  1.0638074899E-124  
  1.0103047559E-118  
  5.1327615564E-113  
  1.4351849777E-107  
  2.2693958602E-102  
  2.0826196167E-97  
  1.1369655112E-92  
  3.7807192119E-88  
  7.8320875856E-84  
  1.0327566709E-79  
  8.8481534954E-76  
  5.0228819832E-72  
  1.9249685867E-68  
  5.0701411134E-65  
  9.3356607637E-62  
  1.2214202257E-58  
  1.1532551926E-55  
  7.9756236514E-53  
  4.0975930127E-50  
  1.5852019318E-47  
  4.6776960444E-45  
  1.0659002069E-42  
  1.8977578942E-40  
  2.6697798897E-38  
  2.9996448826E-36  
  2.7193308836E-34  
  2.0085773471E-32  
  1.2200943151E-30  
  6.1494602348E-29  
  2.5936091288E-27  
  9.2281357674E-26  
  2.7914111578E-24  
  7.2316985005E-23  
  1.6159376126E-21  
  3.1354457023E-20  
  5.3168568106E-19  
  7.9278648624E-18  
  1.0455566921E-16  
  1.2264756121E-15  
  1.2865032032E-14  
  1.2128856856E-13  
  1.0327683408E-12  
  7.9796192170E-12  
  5.6193914243E-11  
  3.6221760784E-10  
  2.1457831630E-09  
  1.1727953322E-08  
  5.9359148913E-08  
  2.7920243740E-07  
  1.2245744910E-06  
  5.0244474748E-06  
  1.9344977306E-05  
  7.0097797268E-05  
  2.3972776607E-04  
  7.7584716942E-04  
  2.3822676492E-03  
  6.9570113027E-03  
  1.9367980755E-02  
  5.1515667887E-02  
  1.3119139587E-01  
  3.2052020755E-01  
  7.5269556347E-01  
  1.7021007672E+00  
  3.7127945642E+00  
  7.8248349841E+00  
  1.5958038134E+01  
  3.1539101307E+01  
  6.0490288770E+01  
  1.1273446002E+02  
  2.0440867556E+02  
  3.6101138493E+02  
  6.2172861162E+02  
  1.0451832779E+03  
  1.7168189040E+03  
  2.7580553619E+03  
  4.3372340908E+03  
  6.6822022060E+03  
  1.0094175254E+04  
  1.4962281173E+04  
  2.1777945696E+04  
  3.1148061231E+04  
  4.3805720187E+04  
  6.0617222490E+04  
  8.2584112792E+04  
