5.184109309299767980e-270
6.224730198374999763e-260
7.474237854713576348e-250
8.974562708508444695e-240
1.077605200350383495e-229
1.293915932774383313e-219
1.553647328856759247e-209
1.865515340930497469e-199
2.239985499030769800e-189
2.689624108565524767e-179
3.229519944888406212e-169
3.877790595799875253e-159
4.276157679664852338e-153
4.715449184173832174e-147
5.199869292535031332e-141
5.734054085493084587e-135
6.323115910346667894e-129
6.972692308020235391e-123
7.688999966420386777e-117
8.478894216457265361e-111
9.349934640111956805e-105
1.031045741845785894e-98
1.136965511200005616e-92
4.765544240741559292e-89
1.997458294622539618e-85
8.372264398779463941e-82
3.509200234706613396e-78
1.470866864770849928e-74
6.165078049648304322e-71
2.584067142213565010e-67
1.083101128922272338e-63
4.539773894837300147e-60
1.902827581460793841e-56
7.975623651400426700e-53
1.183904534419987978e-50
1.757392284143406647e-48
2.608679627939506278e-46
3.872333720039983335e-44
5.748106543540330523e-42
8.532510683389655454e-40
1.266569052098925005e-37
1.880099800938637558e-35
2.790827121215380932e-33
4.142714134974209874e-31
6.149460234800019129e-29
1.232274182770836697e-27
2.469321864917978275e-26
4.948209219843568985e-25
9.915586473842685191e-24
1.986958326781571666e-22
3.981613596715963907e-21
7.978650895629335483e-20
1.598820894293486756e-18
3.203835191523007567e-17
6.420081180498735191e-16
1.286503203199999861e-14
7.770920343432159856e-14
4.693902264196617629e-13
2.835277868271006882e-12
1.712605021971712079e-11
1.034472139082182846e-10
6.248566323280117725e-10
3.774348251763573633e-09
2.279835723678926284e-08
1.377098926823695163e-07
8.318149569122387744e-07
5.024447474800065571e-06
1.484537364368586078e-05
4.386255796801113082e-05
1.295975458533114302e-04
3.829125493194051309e-04
1.131364174073499910e-03
3.342760368267058083e-03
9.876613680831583184e-03
2.918172021135892122e-02
8.622113023887598149e-02
2.547513733195009844e-01
7.526955634700054354e-01
1.453141211114300058e+00
2.805409626308852822e+00
5.416075954071457588e+00
1.045618381899763527e+01
2.018653006047305354e+01
3.897177047920753523e+01
7.523823508716679953e+01
1.452536528216494389e+02
2.804242235824436307e+02
5.413822209922163893e+02
1.045183277900003986e+03
1.554930574601407216e+03
2.313287193695010501e+03
3.441502616208504605e+03
5.119961018956625594e+03
7.617021911351964263e+03
1.133192666569160974e+04
1.685863103074881656e+04
2.508076945921365405e+04
3.731293457451555150e+04
5.551086017620609346e+04
8.258411279200002900e+04
